 179.23130002  -38.96778398   -5.01446540
 179.13266790  -38.92084711   -5.23107444
 179.03416631  -38.87382735   -5.71686444
 178.93579507  -38.82672495   -6.30057024
 178.83755403  -38.77954018   -7.01161384
 178.73944301  -38.73227326   -7.83509662
 178.64146186  -38.68492446   -8.73841554
 178.54361041  -38.63749401   -9.78399082
 178.44588848  -38.58998217  -10.95834887
 178.34829591  -38.54238918  -12.26319675
 178.25083253  -38.49471528  -13.64581760
 178.15349815  -38.44696072  -15.46663974
 178.05629262  -38.39912574  -17.56303129
 177.95921575  -38.35121059  -20.09254693
 177.86226737  -38.30321552  -23.06781421
 177.76544729  -38.25514076  -26.50621582
 177.66875535  -38.20698655  -30.39022882
 177.57219136  -38.15875315  -34.67926147
 177.47575513  -38.11044079  -39.33020824
 177.37944649  -38.06204971  -44.11283185
 177.28326526  -38.01358015  -49.21805373
 177.18721125  -37.96503235  -54.87552874
 177.09128427  -37.91640656  -61.28365952
 176.99548413  -37.86770302  -68.50661161
 176.89981066  -37.81892195  -76.93485377
 176.80426365  -37.77006361  -84.82555429
 176.70884292  -37.72112822  -95.43770125
 176.61354828  -37.67211603 -107.56488031
 176.51837954  -37.62302727 -120.70415933
 176.42333650  -37.57386218 -136.42740714
 176.32841897  -37.52462099 -154.54260481
 176.23362675  -37.47530395 -175.64295496
 176.13895964  -37.42591128 -199.36704008
 176.04441746  -37.37644322 -228.56007028
 175.95000000  -37.32690000 -263.02572702
 175.85570706  -37.27728186 -297.79550633
 175.76153844  -37.22758903 -363.33299105
 175.66749395  -37.17782175 -402.08505506
 175.57357337  -37.12798024 -458.17779658
 175.47977651  -37.07806474 -506.33549429
 175.38610316  -37.02807548 -537.07698201
 175.29255312  -36.97801269 -562.91211826
 175.19912619  -36.92787659 -584.78892486
 175.10582214  -36.87766742 -594.62213431
