 183.96071336  -28.86998584   -9.22955350
 183.85860434  -28.86042848   -9.65315090
 183.75651417  -28.85079421  -10.34013846
 183.65444298  -28.84108308  -11.10826903
 183.55239092  -28.83129513  -12.09297228
 183.45035813  -28.82143040  -13.47019942
 183.34834475  -28.81148894  -15.31785832
 183.24635091  -28.80147080  -17.53553370
 183.14437675  -28.79137602  -20.50889290
 183.04242242  -28.78120465  -24.57102467
 182.94048803  -28.77095674  -29.14195257
 182.83857375  -28.76063233  -34.25074822
 182.73667970  -28.75023148  -39.89072225
 182.63480601  -28.73975422  -46.59377776
 182.53295283  -28.72920062  -53.98987568
 182.43112029  -28.71857071  -61.21236184
 182.32930852  -28.70786455  -68.73284389
 182.22751767  -28.69708219  -77.06187298
 182.12574785  -28.68622367  -85.94265885
 182.02399922  -28.67528905  -95.13366157
 181.92227190  -28.66427838 -105.13110450
 181.82056602  -28.65319170 -116.56459367
 181.71888172  -28.64202907 -129.07895919
 181.61721914  -28.63079054 -142.07135175
 181.51557840  -28.61947616 -156.45543795
 181.41395963  -28.60808599 -173.10979748
 181.31236297  -28.59662007 -190.26586326
 181.21078854  -28.58507846 -206.63137352
 181.10923649  -28.57346121 -223.88187447
 181.00770693  -28.56176837 -241.90639997
 180.90620000  -28.55000000 -260.21979427
 180.80471583  -28.53815615 -276.89238358
 180.70325454  -28.52623688 -292.93572025
 180.60181628  -28.51424224 -309.83189734
 180.50040115  -28.50217228 -325.81453252
 180.39900930  -28.49002706 -341.52621154
 180.29764084  -28.47780664 -356.12912524
 180.19629591  -28.46551106 -369.37671573
 180.09497463  -28.45314040 -381.65905752
 179.99367713  -28.44069469 -393.40833554
 179.89240354  -28.42817401 -405.17539469
 179.79115397  -28.41557840 -415.36401578
 179.68992856  -28.40290793 -424.70521091
 179.58872743  -28.39016265 -434.52195041
 179.48755070  -28.37734261 -444.19424408
 179.38639850  -28.36444788 -452.46563906
 179.28527094  -28.35147852 -460.63758049
 179.18416816  -28.33843458 -468.53583307
 179.08309027  -28.32531613 -476.45629284
 178.98203740  -28.31212321 -483.40343933
 178.88100967  -28.29885590 -491.01167819
 178.78000719  -28.28551425 -498.47597084
 178.67903010  -28.27209832 -506.91779679
 178.57807850  -28.25860817 -515.53685738
 178.47715252  -28.24504386 -525.71978125
 178.37625228  -28.23140546 -536.60588110
 178.27537790  -28.21769302 -548.38932438
 178.17452950  -28.20390660 -561.17515539
 178.07370718  -28.19004628 -575.23556738
 177.97291108  -28.17611210 -588.98909685
 177.87214130  -28.16210414 -604.72849478
 177.77139797  -28.14802245 -619.68786065
 177.67068120  -28.13386710 -635.76448845
 177.56999111  -28.11963815 -652.44672064
 177.46932780  -28.10533566 -669.79708699
 177.36869141  -28.09095971 -679.54295957
