 176.42490527  -41.84450445   -6.92541680
 176.32704537  -41.79188530   -7.35782175
 176.22934613  -41.73918325   -8.15391877
 176.13180723  -41.68639856   -9.12718073
 176.03442838  -41.63353155  -10.10440272
 175.93720926  -41.58058249  -11.13140336
 175.84014955  -41.52755167  -12.23442480
 175.74324895  -41.47443937  -13.37644456
 175.64650714  -41.42124589  -14.58102146
 175.54992380  -41.36797151  -15.95301394
 175.45349862  -41.31461650  -17.19778970
 175.35723128  -41.26118116  -18.72405480
 175.26112146  -41.20766577  -20.47921036
 175.16516885  -41.15407060  -22.39238889
 175.06937312  -41.10039594  -24.53914051
 174.97373396  -41.04664206  -26.93291622
 174.87825103  -40.99280926  -29.56805143
 174.78292402  -40.93889780  -32.51173847
 174.68775261  -40.88490796  -35.69863283
 174.59273647  -40.83084002  -38.89907551
 174.49787526  -40.77669425  -42.24890101
 174.40316868  -40.72247094  -45.27814996
 174.30861639  -40.66817035  -48.83691210
 174.21421806  -40.61379276  -52.73484288
 174.11997337  -40.55933844  -57.00286491
 174.02588198  -40.50480766  -61.87310938
 173.93194357  -40.45020070  -67.76281918
 173.83815780  -40.39551782  -75.04863606
 173.74452435  -40.34075930  -84.16825206
 173.65104287  -40.28592540  -94.45521958
 173.55771305  -40.23101639 -108.43432521
 173.46453454  -40.17603255 -125.11640984
 173.37150701  -40.12097412 -145.98679655
 173.27863012  -40.06584139 -169.30103817
 173.18590355  -40.01063462 -196.70355754
 173.09332696  -39.95535407 -226.83291564
 173.00090000  -39.90000000 -260.04230496
 172.90862234  -39.84457268 -296.39670470
 172.81649365  -39.78907237 -366.02543311
 172.72451359  -39.73349933 -406.75449410
 172.63268181  -39.67785382 -477.89479898
 172.54099799  -39.62213610 -547.49476040
 172.44946177  -39.56634643 -582.65172321
