 180.21144629  -37.22783000   -5.93970394
 180.11366596  -37.18285702   -6.20866684
 180.01600211  -37.13780379   -6.81233487
 179.91845461  -37.09267053   -7.59997004
 179.82102334  -37.04745747   -8.63882097
 179.72370817  -37.00216484   -9.93451335
 179.62650899  -36.95679286  -11.56093001
 179.52942566  -36.91134176  -13.60930843
 179.43245805  -36.86581175  -15.94307041
 179.33560604  -36.82020307  -19.03695966
 179.23886950  -36.77451595  -22.60216083
 179.14224830  -36.72875059  -26.89138953
 179.04574229  -36.68290723  -31.52807503
 178.94935135  -36.63698609  -36.79530988
 178.85307534  -36.59098739  -41.63778381
 178.75691413  -36.54491135  -47.68686199
 178.66086758  -36.49875820  -53.82780693
 178.56493555  -36.45252816  -60.56224962
 178.46911790  -36.40622145  -67.90602685
 178.37341449  -36.35983829  -76.07763630
 178.27782518  -36.31337889  -84.77566021
 178.18234982  -36.26684349  -94.64168651
 178.08698827  -36.22023230 -106.19739356
 177.99174039  -36.17354553 -118.47408026
 177.89660603  -36.12678342 -132.37053900
 177.80158504  -36.07994617 -144.70763903
 177.70667728  -36.03303401 -160.09534506
 177.61188259  -35.98604715 -176.21428400
 177.51720083  -35.93898581 -192.65389969
 177.42263184  -35.89185021 -208.05962614
 177.32817548  -35.84464056 -224.93280743
 177.23383158  -35.79735709 -242.33115210
 177.13960000  -35.75000000 -260.67969900
 177.04548058  -35.70256951 -279.76507868
 176.95147316  -35.65506585 -301.52124791
 176.85757759  -35.60748921 -328.50683991
 176.76379371  -35.55983983 -362.15188401
 176.67012135  -35.51211790 -383.22341152
 176.57656037  -35.46432365 -413.55845678
 176.48311060  -35.41645729 -446.63002133
 176.38977187  -35.36851903 -480.50935193
 176.29654404  -35.32050908 -510.57756315
 176.20342692  -35.27242766 -537.38868609
 176.11042036  -35.22427498 -561.57988121
 176.01752420  -35.17605125 -583.43192967
 175.92473826  -35.12775668 -593.56019193
