 182.84211819  -31.54040176   -9.39115201
 182.74349864  -31.50845104   -9.73291489
 182.64494656  -31.47642473  -10.39869254
 182.54646199  -31.44432299  -11.13434042
 182.44804497  -31.41214596  -12.19350493
 182.34969550  -31.37989378  -13.49605888
 182.25141362  -31.34756661  -15.17565251
 182.15319935  -31.31516459  -17.45920468
 182.05505271  -31.28268786  -20.39914353
 181.95697374  -31.25013658  -24.58887383
 181.85896244  -31.21751089  -29.21787633
 181.76101885  -31.18481094  -35.17264115
 181.66314297  -31.15203687  -42.44023512
 181.56533483  -31.11918883  -50.60624504
 181.46759445  -31.08626697  -60.12033558
 181.36992184  -31.05327143  -70.64222754
 181.27231702  -31.02020236  -82.12969189
 181.17478000  -30.98705992  -95.78879674
 181.07731080  -30.95384424 -109.47576723
 180.97990943  -30.92055547 -124.43369920
 180.88257590  -30.88719376 -140.06976567
 180.78531023  -30.85375926 -157.57363840
 180.68811242  -30.82025211 -176.76096232
 180.59098248  -30.78667246 -195.92000661
 180.49392043  -30.75302046 -216.22729960
 180.39692627  -30.71929626 -239.69638764
 180.30000000  -30.68550000 -258.60471471
 180.20314164  -30.65163183 -282.73774827
 180.10635118  -30.61769189 -304.37190249
 180.00962863  -30.58368034 -326.09033218
 179.91297400  -30.54959732 -356.87405415
 179.81638729  -30.51544298 -369.41573925
 179.71986849  -30.48121746 -386.42137342
 179.62341761  -30.44692092 -401.33810055
 179.52703465  -30.41255349 -414.89452568
 179.43071961  -30.37811534 -426.82578038
 179.33447248  -30.34360659 -438.01385934
 179.23829327  -30.30902741 -448.49273059
 179.14218196  -30.27437794 -458.34897554
 179.04613856  -30.23965832 -467.97621154
 178.95016306  -30.20486870 -476.65241626
 178.85425544  -30.17000923 -485.42251842
 178.75841572  -30.13508006 -493.72322084
 178.66264386  -30.10008133 -501.83791755
 178.56693988  -30.06501319 -510.17377013
 178.47130375  -30.02987580 -518.62281800
 178.37573548  -29.99466928 -527.30469868
 178.28023503  -29.95939380 -536.77423534
 178.18480242  -29.92404949 -547.39710187
 178.08943761  -29.88863651 -557.91123103
 177.99414060  -29.85315501 -568.85225658
 177.89891137  -29.81760512 -579.04909292
 177.80374991  -29.78198699 -581.79370885
