 177.98945411  -41.24912799   -5.48490405
 177.90241430  -41.18747389   -5.73572042
 177.81553834  -41.12575438   -6.36668789
 177.72882573  -41.06396972   -7.07004611
 177.64227599  -41.00212020   -7.76550771
 177.55588863  -40.94020606   -8.37485489
 177.46966315  -40.87822757   -9.09568912
 177.38359908  -40.81618498   -9.79593694
 177.29769591  -40.75407857  -10.51850624
 177.21195317  -40.69190859  -11.14847412
 177.12637036  -40.62967529  -11.89969947
 177.04094700  -40.56737893  -12.67942922
 176.95568261  -40.50501977  -13.35899621
 176.87057669  -40.44259806  -14.06671429
 176.78562876  -40.38011406  -14.83299974
 176.70083834  -40.31756803  -15.52668875
 176.61620494  -40.25496020  -16.36839832
 176.53172808  -40.19229083  -17.28849844
 176.44740728  -40.12956018  -18.47983972
 176.36324205  -40.06676848  -19.71518267
 176.27923192  -40.00391600  -21.46768024
 176.19537640  -39.94100297  -23.48448093
 176.11167501  -39.87802964  -25.79881270
 176.02812727  -39.81499626  -28.81837400
 175.94473271  -39.75190307  -32.02359511
 175.86149084  -39.68875032  -35.24790770
 175.77840119  -39.62553824  -38.97198343
 175.69546328  -39.56226708  -42.85310666
 175.61267664  -39.49893707  -46.43646253
 175.53004079  -39.43554847  -50.77201489
 175.44755525  -39.37210149  -55.64090434
 175.36521955  -39.30859640  -61.11098605
 175.28303322  -39.24503341  -67.64520290
 175.20099578  -39.18141276  -75.42281294
 175.11910676  -39.11773470  -86.67369863
 175.03736570  -39.05399945 -100.25147299
 174.95577212  -38.99020724 -114.30798860
 174.87432555  -38.92635832 -135.06681960
 174.79302552  -38.86245290 -159.55015834
 174.71187156  -38.79849122 -185.54403596
 174.63086321  -38.73447351 -220.64598866
 174.55000000  -38.67040000 -257.60902797
 174.46928146  -38.60627091 -314.26287588
 174.38870714  -38.54208648 -378.15146521
 174.30827656  -38.47784692 -436.72724261
 174.22798926  -38.41355246 -506.62105273
 174.14784478  -38.34920332 -559.58975240
 174.06784265  -38.28479974 -587.82037326
