 171.57230837  -42.99743114  -14.86987114
 171.46065627  -42.95981142  -16.80270020
 171.34914082  -42.92208333  -22.72763128
 171.23776206  -42.88424713  -29.38612586
 171.12652003  -42.84630310  -37.87456731
 171.01541476  -42.80825152  -48.60322991
 170.90444630  -42.77009267  -60.78707893
 170.79361468  -42.73182681  -77.98931955
 170.68291992  -42.69345422  -95.80569783
 170.57236206  -42.65497518 -118.63134948
 170.46194112  -42.61638997 -144.88748000
 170.35165712  -42.57769885 -176.36922793
 170.24151007  -42.53890210 -217.41385083
 170.13150000  -42.50000000 -261.04260189
 170.02162692  -42.46099282 -310.01178224
 169.91189083  -42.42188084 -347.22216953
 169.80229175  -42.38266432 -377.50802580
 169.69282968  -42.34334355 -433.51413635
 169.58350462  -42.30391880 -512.80725885
 169.47431658  -42.26439034 -571.93995462
