 184.61294399  -26.60231324   -7.50932413
 184.51313614  -26.59122704   -7.72069750
 184.41334768  -26.58007126   -8.16443944
 184.31357873  -26.56884594   -8.75981018
 184.21382938  -26.55755115   -9.53057902
 184.11409975  -26.54618691  -10.53515692
 184.01438994  -26.53475329  -11.88814363
 183.91470006  -26.52325033  -13.62640100
 183.81503022  -26.51167807  -16.21258432
 183.71538051  -26.50003658  -19.51227647
 183.61575106  -26.48832589  -23.26979928
 183.51614196  -26.47654606  -27.63557484
 183.41655331  -26.46469713  -33.16895306
 183.31698523  -26.45277917  -38.92876618
 183.21743782  -26.44079221  -45.03023339
 183.11791118  -26.42873630  -51.20329732
 183.01840541  -26.41661151  -57.90956830
 182.91892062  -26.40441787  -65.30520831
 182.81945691  -26.39215545  -72.74667808
 182.72001439  -26.37982428  -80.31879431
 182.62059315  -26.36742443  -88.87557580
 182.52119330  -26.35495595  -98.13821589
 182.42181494  -26.34241889 -108.44118189
 182.32245817  -26.32981329 -118.65268321
 182.22312309  -26.31713922 -130.06862348
 182.12380981  -26.30439673 -142.32442150
 182.02451841  -26.29158587 -155.19020977
 181.92524901  -26.27870669 -168.97585879
 181.82600170  -26.26575924 -183.25236935
 181.72677659  -26.25274359 -198.32083786
 181.62757376  -26.23965979 -212.99527406
 181.52839332  -26.22650789 -229.37007063
 181.42923537  -26.21328794 -244.24940917
 181.33010000  -26.20000000 -260.22086301
 181.23098731  -26.18664413 -274.57879240
 181.13189740  -26.17322038 -289.76646900
 181.03283037  -26.15972880 -302.96562302
 180.93378631  -26.14616946 -315.90168774
 180.83476531  -26.13254241 -328.64711551
 180.73576748  -26.11884770 -340.61742504
 180.63679291  -26.10508540 -351.40976298
 180.53784169  -26.09125556 -362.91538024
 180.43891391  -26.07735823 -374.32019482
 180.34000968  -26.06339348 -384.07927337
 180.24112908  -26.04936135 -393.40679961
 180.14227221  -26.03526192 -402.85999113
 180.04343916  -26.02109524 -412.44012857
 179.94463002  -26.00686136 -420.38639133
 179.84584489  -25.99256035 -428.53427557
 179.74708386  -25.97819226 -436.73348323
 179.64834701  -25.96375716 -445.47628599
 179.54963445  -25.94925509 -453.84302081
 179.45094625  -25.93468613 -463.00700955
 179.35228252  -25.92005033 -472.97515053
 179.25364333  -25.90534775 -482.78179631
 179.15502879  -25.89057845 -492.91197584
 179.05643897  -25.87574250 -502.80815494
 178.95787398  -25.86083995 -514.18437749
 178.85933389  -25.84587086 -524.38767626
 178.76081879  -25.83083529 -533.73553210
 178.66232877  -25.81573332 -543.81107337
 178.56386392  -25.80056499 -553.79432269
 178.46542433  -25.78533037 -562.88164575
 178.36701008  -25.77002952 -572.24106791
 178.26862126  -25.75466250 -583.12228870
 178.17025795  -25.73922938 -593.86941306
 178.07192024  -25.72373022 -605.26199205
 177.97360821  -25.70816508 -618.57890592
 177.87532195  -25.69253403 -631.59734072
 177.77706154  -25.67683712 -646.40279238
 177.67882707  -25.66107443 -661.42044149
 177.58061861  -25.64524601 -677.58400116
 177.48243626  -25.62935193 -693.55498037
 177.38428008  -25.61339225 -699.95274722
