 182.00932446  -33.64472061   -8.72188330
 181.91312469  -33.60384173   -8.98935545
 181.81701617  -33.56288847   -9.50803084
 181.72099885  -33.52186100  -10.14897753
 181.62507266  -33.48075953  -11.06448295
 181.52923753  -33.43958423  -12.22825229
 181.43349340  -33.39833529  -13.90143258
 181.33784020  -33.35701289  -16.07688797
 181.24227787  -33.31561722  -19.02336987
 181.14680634  -33.27414846  -22.66719019
 181.05142553  -33.23260681  -26.35340609
 180.95613537  -33.19099243  -31.58471770
 180.86093580  -33.14930552  -37.70897136
 180.76582675  -33.10754627  -44.26722622
 180.67080813  -33.06571484  -51.29424268
 180.57587987  -33.02381144  -58.95646320
 180.48104191  -32.98183623  -67.36569728
 180.38629415  -32.93978941  -76.56791601
 180.29163653  -32.89767116  -86.67439917
 180.19706896  -32.85548166  -98.76974557
 180.10259137  -32.81322109 -110.52731031
 180.00820368  -32.77088964 -124.59153862
 179.91390580  -32.72848749 -140.12541231
 179.81969766  -32.68601481 -157.77360209
 179.72557916  -32.64347180 -175.42331593
 179.63155023  -32.60085863 -195.80455689
 179.53761079  -32.55817549 -216.73987327
 179.44376074  -32.51542255 -239.15465156
 179.35000000  -32.47260000 -259.85451479
 179.25632848  -32.42970802 -280.62567446
 179.16274610  -32.38674679 -303.42737878
 179.06925276  -32.34371648 -323.99827352
 178.97584838  -32.30061729 -352.59612824
 178.88253287  -32.25744939 -366.43231389
 178.78930612  -32.21421295 -384.32229215
 178.69616806  -32.17090817 -402.11323421
 178.60311859  -32.12753521 -418.72749837
 178.51015760  -32.08409426 -433.70332840
 178.41728502  -32.04058550 -448.28807079
 178.32450074  -31.99700910 -461.42402195
 178.23180467  -31.95336525 -474.16559801
 178.13919671  -31.90965412 -486.35175632
 178.04667675  -31.86587589 -498.13276591
 177.95424471  -31.82203073 -509.42428181
 177.86190049  -31.77811884 -520.64792976
 177.76964397  -31.73414037 -532.11896120
 177.67747507  -31.69009552 -543.40914625
 177.58539368  -31.64598446 -554.82553156
 177.49339969  -31.60180735 -566.87026765
 177.40149301  -31.55756439 -579.28507504
 177.30967352  -31.51325575 -590.75531112
 177.21794113  -31.46888160 -595.92133074
