 181.31162095  -35.08085816   -8.31086927
 181.20842594  -35.04997970   -8.50620809
 181.10530903  -35.01901393   -8.89690741
 181.00227031  -34.98796100   -9.47413291
 180.89930984  -34.95682109  -10.39695006
 180.79642768  -34.92559437  -11.61152354
 180.69362391  -34.89428099  -13.17989327
 180.59089860  -34.86288113  -15.46419455
 180.48825180  -34.83139496  -18.43709622
 180.38568357  -34.79982263  -22.21051879
 180.28319399  -34.76816432  -26.79952635
 180.18078311  -34.73642020  -32.29167253
 180.07845098  -34.70459043  -38.70373185
 179.97619768  -34.67267518  -45.50869197
 179.87402324  -34.64067461  -52.81652551
 179.77192774  -34.60858890  -61.21528738
 179.66991122  -34.57641822  -69.51544687
 179.56797373  -34.54416272  -78.58512737
 179.46611533  -34.51182258  -88.92439299
 179.36433606  -34.47939797  -99.15547822
 179.26263598  -34.44688905 -110.40500709
 179.16101512  -34.41429599 -122.92489268
 179.05947355  -34.38161896 -135.29655787
 178.95801130  -34.34885813 -149.68916250
 178.85662841  -34.31601367 -163.30634207
 178.75532492  -34.28308574 -177.50092229
 178.65410089  -34.25007451 -193.89215195
 178.55295634  -34.21698016 -208.83842386
 178.45189132  -34.18380284 -224.44002972
 178.35090586  -34.15054273 -242.59952449
 178.25000000  -34.11720000 -260.31505187
 178.14917377  -34.08377481 -279.40173745
 178.04842721  -34.05026734 -297.51627566
 177.94776035  -34.01667775 -319.75512730
 177.84717321  -33.98300621 -355.90946230
 177.74666583  -33.94925289 -372.04146397
 177.64623825  -33.91541796 -393.75150073
 177.54589047  -33.88150158 -414.75959694
 177.44562254  -33.84750393 -434.35269115
 177.34543446  -33.81342518 -452.98575326
 177.24532628  -33.77926549 -471.76351906
 177.14529801  -33.74502503 -490.07371194
 177.04534967  -33.71070397 -508.93165816
 176.94548128  -33.67630248 -527.61312045
 176.84569286  -33.64182073 -546.48385691
 176.74598442  -33.60725889 -565.40031295
 176.64635600  -33.57261712 -583.75287080
 176.54680759  -33.53789560 -593.57200435
