 173.27297014  -42.53962623   -8.20687631
 173.18921266  -42.47424081   -9.69097580
 173.10563009  -42.40879455  -12.40318988
 173.02222182  -42.34328769  -15.82424961
 172.93898727  -42.27772051  -20.43007026
 172.85592582  -42.21209327  -25.14024302
 172.77303688  -42.14640623  -30.19642442
 172.69031984  -42.08065966  -35.92159467
 172.60777412  -42.01485381  -41.74602523
 172.52539911  -41.94898894  -47.84842510
 172.44319423  -41.88306532  -54.96748027
 172.36115888  -41.81708319  -62.39017312
 172.27929246  -41.75104282  -71.75613231
 172.19759440  -41.68494445  -82.53515134
 172.11606409  -41.61878835  -94.99877599
 172.03470095  -41.55257476 -110.35319990
 171.95350440  -41.48630393 -125.93240936
 171.87247385  -41.41997612 -147.47702587
 171.79160871  -41.35359158 -171.00933642
 171.71090842  -41.28715054 -195.14648491
 171.63037237  -41.22065327 -226.37302627
 171.55000000  -41.15410000 -259.59075605
 171.46979073  -41.08749098 -297.66332148
 171.38974397  -41.02082645 -358.04872599
 171.30985917  -40.95410666 -386.11190449
 171.23013573  -40.88733184 -439.98152082
 171.15057309  -40.82050223 -508.43468883
 171.07117068  -40.75361809 -568.14187693
 170.99192793  -40.68667963 -591.49430361
